10,205
10,113
10,155
10,143
10,195
10,95
10,2
10,3
11,13
11,22
11,8
9,7
9,1
9,5
9,2
9,3
50,2
50,0
49,4
49,3
8,13
49,2
49,1
8,17
49,0
47,4
47,3
47,2
47,1
47,0
46,4
46,3
46,2
46,1
46,0
44,5
44,4
44,3
44,2
44,1
44,0
41,5
41,4
41,3
41,2
41,1
41,0
39,5
39,4
39,3
39,2
39,1
39,0
30,4
30,3
30,1
27,3
27,1
12,3
20,2
12,2
20,1
12,1
11,28
11,27
11,26
11,25
11,24
11,23
11,20
11,19
11,18
11,17
20,3
11,16
11,15
11,14
11,12
11,11
11,10
11,9
11,6
11,4
11,3
11,2
11,1
10,303
19,2
10,295
19,1
10,276
19,3
10,273
10,270
10,266
10,260
10,249
10,245
10,244
10,234
10,229
10,219
10,212
10,210
10,204
10,184
10,182
10,181
18,1
10,161
18,3
10,131
10,123
